2.09699988365;-5075360.0
2.20799994469;-4884724.0
2.31599998474;-4884724.0
2.42699980736;-4884724.0
2.54199981689;-4757904.0
2.65099978447;-4518728.0
2.76299977303;-4324250.0
2.87299990654;-4172582.0
2.98599982262;-4080988.0
3.09599995613;-3401254.0
3.21199989319;-3294878.0
3.31799983978;-3294878.0
3.42999982834;-3227626.0
3.54399991035;-3227626.0
3.67299985886;-2873332.0
3.79399991035;-2873332.0
3.90399980545;-2873332.0
4.03399991989;-2873332.0
4.14499998093;-2873332.0
4.25699996948;-2873332.0
4.36899995804;-2873332.0
4.47999978065;-2873332.0
4.59200000763;-2859516.0
4.7009999752;-2859516.0
4.80899977684;-2662082.0
4.92699980736;-2662082.0
5.03999996185;-2662082.0
5.14800000191;-2662082.0
5.26899981499;-2662082.0
5.38499999046;-2662082.0
5.4929997921;-2662082.0
5.6099998951;-2662082.0
5.72399997711;-2584056.0
5.83199977875;-2477104.0
5.94099998474;-2477104.0
6.05799984932;-2477104.0
6.17100000381;-2477104.0
6.28099989891;-2477104.0
6.39099979401;-2477104.0
6.50099992752;-2399974.0
6.61099982262;-2399974.0
6.72099995613;-2399974.0
6.83299994469;-2399974.0
6.94299983978;-2399974.0
7.05199980736;-2399974.0
7.16399979591;-2399974.0
7.27399992943;-2399974.0
7.38399982452;-2399974.0
7.4929997921;-2399974.0
7.60299992561;-2399974.0
7.71399998665;-2399974.0
7.83199977875;-2399974.0
7.94199991226;-2305318.0
8.05199980736;-2305318.0
8.16499996185;-2305318.0
8.27599978447;-2290918.0
8.38899993896;-2290918.0
8.49899983406;-2290918.0
8.60599994659;-2290918.0
8.71899986267;-2290918.0
8.82799983025;-2290918.0
8.93899989128;-2290918.0
9.04899978638;-2290918.0
9.15999984741;-2290918.0
9.27199983597;-2290918.0
9.382999897;-2290918.0
9.4929997921;-2290918.0
9.60799980164;-2290918.0
9.71899986267;-2290918.0
9.82799983025;-2290918.0
9.93799996376;-2290918.0
10.0489997864;-2290918.0
10.1579999924;-2290918.0
10.2669999599;-2290918.0
10.3759999275;-2188866.0
10.4859998226;-2188866.0
10.5959999561;-2188866.0
10.7039999962;-2188866.0
10.8139998913;-2109268.0
10.9219999313;-2109268.0
11.0319998264;-2109268.0
11.1429998875;-2109268.0
11.2539999485;-2109268.0
11.3679997921;-2109268.0
11.4809999466;-2109268.0
11.5909998417;-1908068.0
11.7019999027;-1874074.0
11.8159999847;-1874074.0
11.9259998798;-1874074.0
12.0359997749;-1874074.0
12.146999836;-1874074.0
12.2599999905;-1874074.0
12.379999876;-1874074.0
12.4909999371;-1874074.0
12.5999999046;-1874074.0
12.7099997997;-1874074.0
12.8209998608;-1874074.0
12.9339997768;-1874074.0
13.0429999828;-1874074.0
13.1509997845;-1874074.0
13.2649998665;-1874074.0
13.376999855;-1874074.0
13.4859998226;-1874074.0
13.6029999256;-1874074.0
13.7179999352;-1874074.0
13.8249998093;-1874074.0
13.9329998493;-1874074.0
14.0429999828;-1874074.0
14.1529998779;-1874074.0
14.2789998055;-1874074.0
14.4019999504;-1874074.0
14.5169999599;-1874074.0
14.6259999275;-1874074.0
14.7349998951;-1874074.0
14.8459999561;-1874074.0
14.9559998512;-1874074.0
15.0639998913;-1874074.0
15.1739997864;-1874074.0
15.2819998264;-1874074.0
15.390999794;-1874074.0
15.501999855;-1874074.0
15.6099998951;-1874074.0
15.7209999561;-1874074.0
15.8299999237;-1775960.0
15.9399998188;-1775960.0
16.0469999313;-1775960.0
16.1689999104;-1775960.0
16.2799999714;-1775960.0
16.3919999599;-1775960.0
16.512999773;-1775960.0
16.6319999695;-1775960.0
16.7400000095;-1775960.0
16.8529999256;-1775960.0
16.9670000076;-1775960.0
17.0779998302;-1775960.0
17.1859998703;-1775960.0
17.2969999313;-1775960.0
17.4109997749;-1775960.0
17.5299999714;-1775960.0
17.643999815;-1775960.0
17.763999939;-1775960.0
17.876999855;-1775960.0
17.9929997921;-1775960.0
18.1059999466;-1775960.0
18.2179999352;-1775960.0
18.3279998302;-1775960.0
18.4369997978;-1775960.0
18.5489997864;-1775960.0
18.6599998474;-1775960.0
18.7669999599;-1775960.0
18.876999855;-1775960.0
18.9859998226;-1775960.0
19.1029999256;-1775960.0
19.2119998932;-1775960.0
19.3229999542;-1775960.0
19.4309999943;-1775960.0
19.5449998379;-1775960.0
19.6589999199;-1775960.0
19.7679998875;-1775960.0
19.8759999275;-1775960.0
19.9839999676;-1775960.0
20.0979998112;-1775960.0
20.2069997787;-1711208.0
20.3149998188;-1711208.0
20.4329998493;-1711208.0
20.5419998169;-1711208.0
20.6489999294;-1711208.0
20.760999918;-1711208.0
20.871999979;-1711208.0
20.9829998016;-1711208.0
21.0939998627;-1711208.0
21.2099997997;-1711208.0
21.3190000057;-1711208.0
21.4269998074;-1711208.0
21.5369999409;-1711208.0
21.6489999294;-1711208.0
21.7569999695;-1630210.0
21.8650000095;-1630210.0
21.9779999256;-1630210.0
22.0899999142;-1630210.0
22.2039999962;-1630210.0
22.3190000057;-1604138.0
22.4269998074;-1604138.0
22.5409998894;-1604138.0
22.6519999504;-1604138.0
22.7649998665;-1604138.0
22.876999855;-1604138.0
22.9889998436;-1604138.0
23.1009998322;-1604138.0
23.2129998207;-1604138.0
23.3239998817;-1604138.0
23.4339997768;-1604138.0
23.5449998379;-1604138.0
23.6549999714;-1604138.0
23.7649998665;-1604138.0
23.876999855;-1604138.0
23.9879999161;-1604138.0
24.0989999771;-1604138.0
24.2079999447;-1604138.0
24.3159999847;-1604138.0
24.4259998798;-1604138.0
24.5389997959;-1604138.0
24.6509997845;-1604138.0
24.760999918;-1604138.0
24.8709998131;-1604138.0
24.9809999466;-1604138.0
25.0920000076;-1604138.0
25.2059998512;-1604138.0
25.3199999332;-1604138.0
25.4319999218;-1604138.0
25.5439999104;-1604138.0
25.6819999218;-1604138.0
25.8249998093;-1604138.0
25.9739999771;-1604138.0
26.1089999676;-1604138.0
26.2229998112;-1604138.0
26.3309998512;-1604138.0
26.4559998512;-1604138.0
26.5709998608;-1604138.0
26.6940000057;-1604138.0
26.8049998283;-1604138.0
26.9309999943;-1604138.0
27.0439999104;-1604138.0
27.1569998264;-1604138.0
27.268999815;-1604138.0
27.3809998035;-1604138.0
27.4900000095;-1604138.0
27.6079998016;-1604138.0
27.7159998417;-1604138.0
27.8319997787;-1604138.0
27.9409999847;-1604138.0
28.0509998798;-1604138.0
28.1669998169;-1604138.0
28.2849998474;-1604138.0
28.393999815;-1604138.0
28.5039999485;-1604138.0
28.6169998646;-1604138.0
28.7299997807;-1604138.0
28.8429999352;-1604138.0
28.9559998512;-1604138.0
29.0729999542;-1604138.0
29.1849999428;-1578588.0
29.2979998589;-1578588.0
29.4069998264;-1578588.0
29.5239999294;-1578588.0
29.637999773;-1578588.0
29.7509999275;-1578588.0
29.8619999886;-1578588.0
29.9709999561;-1578588.0
30.0809998512;-1578588.0
30.1940000057;-1578588.0
30.3049998283;-1578588.0
30.4169998169;-1578588.0
30.5319998264;-1578588.0
30.643999815;-1578588.0
30.7529997826;-1578588.0
30.8629999161;-1578588.0
30.9719998837;-1578588.0
31.0799999237;-1578588.0
31.1909999847;-1578588.0
31.3029999733;-1578588.0
31.4109997749;-1578588.0
31.518999815;-1578588.0
31.626999855;-1578588.0
31.7359998226;-1578588.0
31.8509998322;-1578588.0
31.9629998207;-1578588.0
32.0729999542;-1578588.0
32.1819999218;-1578588.0
32.2899999619;-1578588.0
32.4009997845;-1578588.0
32.512999773;-1578588.0
32.6209998131;-1578588.0
32.7299997807;-1578588.0
32.8420000076;-1578588.0
32.9489998817;-1578588.0
33.0569999218;-1578588.0
33.1699998379;-1578588.0
33.2789998055;-1578588.0
33.388999939;-1578588.0
33.4979999065;-1578588.0
33.6079998016;-1578588.0
33.7179999352;-1578588.0
33.8289999962;-1578588.0
33.9399998188;-1578588.0
34.0460000038;-1578588.0
34.1559998989;-1578588.0
34.265999794;-1578588.0
34.375;-1578588.0
34.4849998951;-1578588.0
34.5959999561;-1578588.0
34.7069997787;-1578588.0
34.8179998398;-1578588.0
34.9309999943;-1578588.0
35.0439999104;-1578588.0
35.1539998055;-1578588.0
35.2649998665;-1578588.0
35.3729999065;-1578588.0
35.4849998951;-1578588.0
35.5959999561;-1578588.0
35.7049999237;-1578588.0
35.8149998188;-1578588.0
35.9259998798;-1578588.0
36.0359997749;-1578588.0
36.1459999084;-1578588.0
36.2569999695;-1578588.0
36.3659999371;-1578588.0
36.4759998322;-1578588.0
36.5859999657;-1578588.0
36.6959998608;-1578588.0
36.8059999943;-1578588.0
36.9149999619;-1578588.0
37.0249998569;-1578588.0
37.1339998245;-1578588.0
37.243999958;-1578588.0
37.3559999466;-1578588.0
37.4659998417;-1578588.0
37.5749998093;-1578588.0
37.6839997768;-1578588.0
37.7929999828;-1578588.0
37.9029998779;-1578588.0
38.0149998665;-1578588.0
38.1229999065;-1578588.0
38.2329998016;-1578588.0
38.3399999142;-1578588.0
38.4519999027;-1578588.0
38.5659999847;-1578588.0
38.6779999733;-1578588.0
38.7889997959;-1578588.0
38.9029998779;-1578588.0
39.0149998665;-1578588.0
39.125;-1578588.0
39.2400000095;-1578588.0
39.3519999981;-1578588.0
39.4649999142;-1578588.0
39.5799999237;-1578588.0
39.6879999638;-1578588.0
39.7979998589;-1578588.0
39.9079999924;-1578588.0
40.0179998875;-1578588.0
40.1289999485;-1578588.0
40.2379999161;-1578588.0
40.3509998322;-1578588.0
40.4670000076;-1578588.0
40.5779998302;-1578588.0
40.6909999847;-1578588.0
40.8019998074;-1578588.0
40.9109997749;-1578588.0
41.021999836;-1578588.0
41.1319999695;-1578588.0
41.2419998646;-1578588.0
41.3509998322;-1578588.0
41.4619998932;-1578588.0
41.5759999752;-1578588.0
41.6829998493;-1578588.0
41.7969999313;-1578588.0
41.9039998055;-1578588.0
42.013999939;-1578588.0
42.125;-1578588.0
42.2359998226;-1578588.0
42.3439998627;-1578588.0
42.4539999962;-1578588.0
42.5639998913;-1578588.0
42.6729998589;-1578588.0
42.7829999924;-1578588.0
42.8919999599;-1578588.0
43.001999855;-1578588.0
43.1089999676;-1578588.0
43.2179999352;-1578588.0
43.3289999962;-1578588.0
43.4379999638;-1578588.0
43.5489997864;-1578588.0
43.6589999199;-1578588.0
43.7669999599;-1578588.0
43.8759999275;-1578588.0
43.9859998226;-1578588.0
44.0979998112;-1578588.0
44.2069997787;-1578588.0
44.3199999332;-1578588.0
44.4309999943;-1578588.0
44.5409998894;-1578588.0
44.6489999294;-1578588.0
44.757999897;-1578588.0
44.8669998646;-1578588.0
44.9769999981;-1578588.0
45.0879998207;-1578588.0
45.2019999027;-1578588.0
45.3099999428;-1578588.0
45.4179999828;-1578588.0
45.5279998779;-1578588.0
45.635999918;-1578588.0
45.7449998856;-1578588.0
45.8549997807;-1578588.0
45.9649999142;-1578588.0
46.0729999542;-1578588.0
46.1839997768;-1578588.0
46.2989997864;-1578588.0
46.4119999409;-1578588.0
46.521999836;-1578588.0
46.6309998035;-1578588.0
46.7429997921;-1578588.0
46.8529999256;-1578588.0
46.9629998207;-1578588.0
47.0749998093;-1578588.0
47.1859998703;-1578588.0
47.2949998379;-1578588.0
47.4049999714;-1578588.0
47.513999939;-1578588.0
47.6229999065;-1578588.0
47.7319998741;-1578588.0
47.8429999352;-1578588.0
47.9509999752;-1578588.0
48.0579998493;-1578588.0
48.1759998798;-1578588.0
48.2869999409;-1578588.0
48.4089999199;-1578588.0
48.5199999809;-1578588.0
48.626999855;-1578588.0
48.7389998436;-1578588.0
48.8479998112;-1578588.0
48.9599997997;-1578588.0
49.0699999332;-1578588.0
49.1769998074;-1578588.0
49.2879998684;-1578588.0
49.3959999084;-1578588.0
49.5069999695;-1578588.0
49.6159999371;-1578588.0
49.7259998322;-1578588.0
49.8329999447;-1578588.0
49.9429998398;-1578588.0
50.0519998074;-1578588.0
50.1629998684;-1578588.0
50.2739999294;-1578588.0
50.382999897;-1578588.0
50.4919998646;-1578588.0
50.6009998322;-1578588.0
50.7349998951;-1578588.0
50.8779997826;-1578588.0
50.9859998226;-1578588.0
51.0949997902;-1578588.0
51.2059998512;-1578588.0
51.3159999847;-1578588.0
51.4259998798;-1578588.0
51.5369999409;-1578588.0
51.6449999809;-1578588.0
51.7909998894;-1578588.0
51.9869999886;-1578588.0
52.1009998322;-1578588.0
52.2129998207;-1578588.0
52.3239998817;-1578588.0
52.4329998493;-1578588.0
52.5399999619;-1578588.0
52.6499998569;-1578588.0
52.7599999905;-1578588.0
52.868999958;-1578588.0
52.9809999466;-1578588.0
53.0949997902;-1578588.0
53.2069997787;-1578588.0
53.3159999847;-1578588.0
53.4259998798;-1578588.0
53.5399999619;-1578588.0
53.6509997845;-1578588.0
53.7599999905;-1578588.0
53.875;-1578588.0
53.9869999886;-1578588.0
54.1009998322;-1578588.0
54.2109999657;-1578588.0
54.3190000057;-1578588.0
54.4299998283;-1578588.0
54.5449998379;-1578588.0
54.6559998989;-1578588.0
54.7649998665;-1578588.0
54.875;-1578588.0
54.9909999371;-1578588.0
55.1009998322;-1578588.0
55.2119998932;-1578588.0
55.3239998817;-1578588.0
55.4379999638;-1578588.0
55.5529999733;-1578588.0
55.6659998894;-1578588.0
55.7759997845;-1578588.0
55.8849999905;-1578588.0
55.9919998646;-1578588.0
56.1019999981;-1578588.0
56.2149999142;-1578588.0
56.3289999962;-1578588.0
56.4440000057;-1578588.0
56.5539999008;-1578588.0
56.6609997749;-1578588.0
56.7779998779;-1578588.0
56.8849999905;-1578588.0
57.0209999084;-1578588.0
57.1289999485;-1578588.0
57.246999979;-1578588.0
57.3569998741;-1578588.0
57.4689998627;-1578588.0
57.5849997997;-1578588.0
57.7039999962;-1578588.0
57.8149998188;-1578588.0
57.9309999943;-1578588.0
58.0379998684;-1578588.0
58.146999836;-1578588.0
58.257999897;-1578588.0
58.379999876;-1578588.0
58.4919998646;-1578588.0
58.6049997807;-1578588.0
58.7149999142;-1578588.0
58.8229999542;-1578588.0
58.9339997768;-1578588.0
59.0429999828;-1578588.0
59.1649999619;-1578588.0
59.2819998264;-1578588.0
59.3919999599;-1578588.0
59.5059998035;-1578588.0
59.6150000095;-1578588.0
59.7249999046;-1578588.0
59.8459999561;-1578588.0
59.9549999237;-1578588.0
60.0629999638;-1578588.0
60.1789999008;-1578588.0
60.2889997959;-1578588.0
60.3980000019;-1578588.0
60.5089998245;-1578588.0
60.6179997921;-1578588.0
60.7400000095;-1578588.0
60.8529999256;-1578588.0
60.9649999142;-1578588.0
61.0789999962;-1578588.0
61.1869997978;-1578588.0
61.2979998589;-1578588.0
61.4069998264;-1578588.0
61.5169999599;-1578588.0
61.626999855;-1578588.0
61.7379999161;-1578588.0
61.8479998112;-1578588.0
61.9579999447;-1578588.0
62.0679998398;-1578588.0
62.1789999008;-1578588.0
62.2879998684;-1578588.0
62.3989999294;-1578588.0
62.512999773;-1578588.0
62.6209998131;-1578588.0
62.7299997807;-1578588.0
62.8439998627;-1578588.0
62.9539999962;-1578588.0
63.0629999638;-1578588.0
63.1819999218;-1578588.0
63.2939999104;-1578588.0
63.4069998264;-1578588.0
63.5249998569;-1578588.0
63.635999918;-1578588.0
63.7509999275;-1578588.0
63.8669998646;-1578588.0
63.9789998531;-1578588.0
64.0899999142;-1578588.0
64.2139999866;-1578588.0
64.3269999027;-1578588.0
64.4379999638;-1578588.0
64.5519998074;-1578588.0
64.6609997749;-1578588.0
64.7739999294;-1578588.0
64.885999918;-1578588.0
65.0029997826;-1578588.0
65.1179997921;-1578588.0
65.2379999161;-1578588.0
65.3479998112;-1578588.0
65.4569997787;-1578588.0
65.5659999847;-1578588.0
65.6759998798;-1578588.0
65.7869999409;-1578588.0
65.896999836;-1578588.0
66.0119998455;-1578588.0
66.1199998856;-1578588.0
66.2309999466;-1578588.0
66.3379998207;-1578588.0
66.4519999027;-1578588.0
66.5629999638;-1578588.0
66.6729998589;-1578588.0
66.7879998684;-1578588.0
66.8980000019;-1578588.0
67.0099999905;-1578588.0
67.1239998341;-1578588.0
67.2349998951;-1578588.0
67.3479998112;-1578588.0
67.4579999447;-1578588.0
67.5669999123;-1578588.0
67.6749999523;-1578588.0
67.7839999199;-1578588.0
67.893999815;-1578588.0
68.0059998035;-1578588.0
68.118999958;-1578588.0
68.2539999485;-1578588.0
68.3619999886;-1578588.0
68.4739999771;-1578588.0
68.5859999657;-1578588.0
68.6969997883;-1578588.0
68.8109998703;-1578588.0
68.9210000038;-1578588.0
69.0309998989;-1578588.0
69.1429998875;-1578588.0
69.257999897;-1578588.0
69.3709998131;-1578588.0
69.4829998016;-1578588.0
69.5929999352;-1578588.0
69.7009999752;-1578588.0
69.8169999123;-1578588.0
69.9339997768;-1578588.0
70.0460000038;-1578588.0
70.1549999714;-1578588.0
70.2649998665;-1578588.0
70.3759999275;-1578588.0
70.4859998226;-1578588.0
70.5939998627;-1578588.0
70.7039999962;-1578588.0
70.8109998703;-1578588.0
70.9199998379;-1578588.0
71.0299999714;-1578588.0
71.140999794;-1578588.0
71.25;-1578588.0
71.3579998016;-1578588.0
71.4679999352;-1578588.0
71.5789999962;-1578588.0
71.6889998913;-1578588.0
71.7999999523;-1578588.0
71.9079999924;-1578588.0
72.018999815;-1578588.0
72.1289999485;-1578588.0
72.2429997921;-1578588.0
72.3519999981;-1578588.0
72.4609999657;-1578588.0
72.5690000057;-1578588.0
72.6779999733;-1578588.0
72.7899999619;-1578588.0
72.8999998569;-1578588.0
73.0089998245;-1578588.0
73.1159999371;-1578588.0
73.2239999771;-1578588.0
73.3329999447;-1578588.0
73.4409999847;-1578588.0
73.5549998283;-1578588.0
73.6619999409;-1578588.0
73.7730000019;-1578588.0
73.882999897;-1578588.0
73.993999958;-1578588.0
74.1049997807;-1578588.0
74.2149999142;-1578588.0
74.3239998817;-1578588.0
74.4329998493;-1578588.0
74.5439999104;-1578588.0
74.6529998779;-1578588.0
74.7749998569;-1578588.0
74.888999939;-1578588.0
74.9989998341;-1578588.0
75.1099998951;-1578588.0
75.2189998627;-1578588.0
75.3309998512;-1578588.0
75.4459998608;-1578588.0
75.5549998283;-1578588.0
75.6649999619;-1578588.0
75.7739999294;-1578588.0
75.882999897;-1578588.0
76.0;-1578588.0
76.1129999161;-1578588.0
76.2269999981;-1578588.0
76.3439998627;-1578588.0
76.4569997787;-1578588.0
76.5659999847;-1578588.0
76.6749999523;-1578588.0
76.7889997959;-1578588.0
76.9019999504;-1578588.0
77.0119998455;-1578588.0
77.1229999065;-1578588.0
77.2319998741;-1578588.0
77.3420000076;-1578588.0
77.4529998302;-1578588.0
77.5649998188;-1578588.0
77.6739997864;-1578588.0
77.7819998264;-1578588.0
77.890999794;-1578588.0
77.9989998341;-1578588.0
78.1099998951;-1578588.0
78.2239999771;-1578588.0
78.3399999142;-1578588.0
78.4539999962;-1578588.0
78.5629999638;-1578588.0
78.6949999332;-1578588.0
78.8059999943;-1578588.0
78.9229998589;-1578588.0
79.0329999924;-1578588.0
79.1539998055;-1578588.0
79.263999939;-1578588.0
79.3729999065;-1578588.0
79.4809999466;-1578588.0
79.5949997902;-1578588.0
79.7139999866;-1578588.0
79.8349997997;-1578588.0
79.9449999332;-1578588.0
80.0629999638;-1578588.0
80.1799998283;-1578588.0
80.2879998684;-1578588.0
80.3989999294;-1578588.0
80.5089998245;-1578588.0
80.618999958;-1578588.0
80.7309999466;-1578588.0
80.8539998531;-1578588.0
80.9779999256;-1578588.0
81.0859999657;-1578588.0
81.1949999332;-1578588.0
81.3049998283;-1578588.0
81.4219999313;-1578588.0
81.5339999199;-1578588.0
81.6419999599;-1578588.0
81.751999855;-1578588.0
81.8609998226;-1578588.0
81.9719998837;-1578588.0
82.0819997787;-1578588.0
82.1909999847;-1578588.0
82.3009998798;-1578588.0
82.4119999409;-1578588.0
82.5239999294;-1578588.0
82.635999918;-1578588.0
82.7459998131;-1578588.0
82.8539998531;-1578588.0
82.9609999657;-1578588.0
83.0669999123;-1578588.0
83.1789999008;-1578588.0
83.2879998684;-1578588.0
83.3989999294;-1578588.0
83.5089998245;-1578588.0
83.6159999371;-1578588.0
83.7249999046;-1578588.0
83.8459999561;-1578588.0
83.9879999161;-1578588.0
84.1179997921;-1578588.0
84.2269999981;-1578588.0
84.3399999142;-1578588.0
84.4529998302;-1578588.0
84.5749998093;-1578588.0
84.6940000057;-1578588.0
84.8079998493;-1578588.0
84.9199998379;-1578588.0
85.0489997864;-1578588.0
85.1619999409;-1578588.0
85.2730000019;-1578588.0
85.3899998665;-1578588.0
85.5009999275;-1578588.0
85.6069998741;-1578588.0
85.7159998417;-1578588.0
85.8259999752;-1578588.0
85.9440000057;-1578588.0
86.0529999733;-1578588.0
86.1639997959;-1578588.0
86.2779998779;-1578588.0
86.3959999084;-1578588.0
86.5069999695;-1578588.0
86.6159999371;-1578588.0
86.7299997807;-1578588.0
86.8420000076;-1578588.0
86.9559998512;-1578588.0
87.0709998608;-1578588.0
87.1819999218;-1578588.0
87.2929999828;-1578588.0
87.4009997845;-1578588.0
87.5119998455;-1578588.0
87.621999979;-1578588.0
87.7339999676;-1578588.0
87.8429999352;-1578588.0
87.9529998302;-1578588.0
88.0629999638;-1578588.0
88.1739997864;-1578588.0
88.2849998474;-1578588.0
88.393999815;-1578588.0
88.5039999485;-1578588.0
88.6119999886;-1578588.0
88.7219998837;-1578588.0
88.8329999447;-1578588.0
88.9409999847;-1578588.0
89.0559999943;-1578588.0
89.1699998379;-1578588.0
89.2839999199;-1578588.0
89.4059998989;-1578588.0
89.5230000019;-1578588.0
89.6309998035;-1578588.0
89.7389998436;-1578588.0
89.8489999771;-1578588.0
89.9629998207;-1578588.0
90.0799999237;-1578588.0
90.1940000057;-1578588.0
90.3039999008;-1578588.0
90.4119999409;-1578588.0
90.5319998264;-1578588.0
90.646999836;-1578588.0
90.7599999905;-1578588.0
90.8709998131;-1578588.0
90.9919998646;-1578588.0
91.1109998226;-1578588.0
91.2239999771;-1578588.0
91.3319997787;-1578588.0
91.4409999847;-1578588.0
91.5579998493;-1578588.0
91.6679999828;-1578588.0
91.7879998684;-1578588.0
91.9009997845;-1578588.0
92.010999918;-1578588.0
92.121999979;-1578588.0
92.2349998951;-1578588.0
92.3439998627;-1578588.0
92.4649999142;-1578588.0
92.5839998722;-1578588.0
92.6929998398;-1578588.0
92.8109998703;-1578588.0
92.9399998188;-1578588.0
93.0499999523;-1578588.0
93.1599998474;-1578588.0
93.2709999084;-1578588.0
93.379999876;-1578588.0
93.4989998341;-1578588.0
93.6099998951;-1578588.0
93.7289998531;-1578588.0
93.8409998417;-1578588.0
93.9469997883;-1578588.0
94.0569999218;-1578588.0
94.1739997864;-1578588.0
94.2859997749;-1578588.0
94.4009997845;-1578588.0
94.512999773;-1578588.0
94.6259999275;-1578588.0
94.7359998226;-1578588.0
94.8469998837;-1578588.0
94.9599997997;-1578588.0
95.0690000057;-1578588.0
95.1789999008;-1578588.0
95.3099999428;-1578588.0
95.4409999847;-1578588.0
95.5569999218;-1578588.0
95.6710000038;-1578588.0
95.7869999409;-1578588.0
95.9029998779;-1578588.0
96.0119998455;-1578588.0
96.1289999485;-1578588.0
96.2449998856;-1578588.0
96.3559999466;-1578588.0
96.4639999866;-1578588.0
96.5729999542;-1578588.0
96.6809999943;-1578588.0
96.7999999523;-1578588.0
96.9089999199;-1578588.0
97.0230000019;-1578588.0
97.1349999905;-1578588.0
97.243999958;-1578588.0
97.3529999256;-1578588.0
97.4639999866;-1578588.0
97.5739998817;-1578588.0
97.6819999218;-1578588.0
97.7909998894;-1578588.0
97.9089999199;-1578588.0
98.018999815;-1578588.0
98.126999855;-1578588.0
98.2379999161;-1578588.0
98.3489999771;-1578588.0
98.4609999657;-1578588.0
98.5719997883;-1578588.0
98.6819999218;-1578588.0
98.7899999619;-1578588.0
98.8999998569;-1578588.0
99.0099999905;-1578588.0
99.121999979;-1578588.0
99.2329998016;-1578588.0
99.3449997902;-1578588.0
99.4719998837;-1578588.0
99.5789999962;-1578588.0
99.6909999847;-1578588.0
99.7999999523;-1578588.0
99.9089999199;-1578588.0
100.018999815;-1578588.0
100.127999783;-1578588.0
100.237999916;-1578588.0
100.346999884;-1578588.0
100.454999924;-1578588.0
100.563999891;-1578588.0
100.672999859;-1578588.0
100.780999899;-1578588.0
100.890999794;-1578588.0
101.000999928;-1578588.0
101.110999823;-1578588.0
101.220999956;-1578588.0
101.328999996;-1578588.0
101.437999964;-1578588.0
101.547999859;-1578588.0
101.656999826;-1578588.0
101.764999866;-1578588.0
101.875;-1578588.0
101.983999968;-1578588.0
102.092999935;-1578588.0
102.201999903;-1578588.0
102.31099987;-1578588.0
102.423999786;-1578588.0
102.539999962;-1578588.0
102.648000002;-1578588.0
102.767999887;-1578588.0
102.878999949;-1578588.0
102.992999792;-1578588.0
103.100999832;-1578588.0
103.218999863;-1578588.0
103.335999966;-1578588.0
103.446999788;-1578588.0
103.555999994;-1578588.0
103.664999962;-1578588.0
103.773000002;-1578588.0
103.88499999;-1578588.0
103.997999907;-1578588.0
104.11500001;-1578588.0
104.227999926;-1578588.0
104.336999893;-1578588.0
104.447999954;-1578588.0
104.558999777;-1578588.0
104.671000004;-1578588.0
104.782999992;-1578588.0
104.89199996;-1578588.0
105.0;-1578588.0
105.129999876;-1578588.0
105.242999792;-1578588.0
105.351999998;-1578588.0
105.462999821;-1578588.0
105.573999882;-1578588.0
105.68599987;-1578588.0
105.80099988;-1578588.0
105.912999868;-1578588.0
106.023999929;-1578588.0
106.135999918;-1578588.0
106.247999907;-1578588.0
106.358999968;-1578588.0
106.473999977;-1578588.0
106.588999987;-1578588.0
106.697999954;-1578588.0
106.81799984;-1578588.0
106.926999807;-1578588.0
107.034999847;-1578588.0
107.145999908;-1578588.0
107.255999804;-1578588.0
107.366999865;-1578588.0
107.478999853;-1578588.0
107.612999916;-1578588.0
107.725999832;-1578588.0
107.835999966;-1578588.0
107.944000006;-1578588.0
108.051999807;-1578588.0
108.160999775;-1578588.0
108.269999981;-1578588.0
108.381999969;-1578588.0
108.490999937;-1578588.0
108.61500001;-1578588.0
108.725999832;-1578588.0
108.837999821;-1578588.0
108.946999788;-1578588.0
109.054999828;-1578588.0
109.164999962;-1578588.0
109.27699995;-1578588.0
109.386999846;-1578588.0
109.498999834;-1578588.0
109.606999874;-1578588.0
109.717999935;-1578588.0
109.82799983;-1578588.0
109.940999985;-1578588.0
110.05099988;-1578588.0
110.159999847;-1578588.0
110.270999908;-1578588.0
110.378999949;-1578588.0
110.487999916;-1578588.0
110.597999811;-1578588.0
110.707999945;-1578588.0
110.819000006;-1578588.0
110.933999777;-1578588.0
111.041999817;-1578588.0
111.152999878;-1578588.0
111.264999866;-1578588.0
111.375999928;-1578588.0
111.487999916;-1578588.0
111.596999884;-1578588.0
111.708999872;-1578588.0
111.824999809;-1578588.0
111.937999964;-1578588.0
112.05099988;-1578588.0
112.161999941;-1578588.0
112.273000002;-1578588.0
112.383999825;-1578588.0
112.492999792;-1578588.0
112.604999781;-1578588.0
112.732999802;-1578588.0
112.845999956;-1578588.0
112.956999779;-1578588.0
113.06799984;-1578588.0
113.182999849;-1578588.0
113.291999817;-1578588.0
113.40199995;-1578588.0
113.514999866;-1578588.0
113.627999783;-1578588.0
113.74000001;-1578588.0
113.849999905;-1578588.0
113.9599998;-1578588.0
